245,245,244,244,244,244,243,244,245,244,244,244,243,244,244,244,243,242,242,242,
243,241,226,233,243,202,198,189,187,194,202,207,203,207,219,213,207,210,192,208,
210,199,201,198,200,214,216,225,214,230,221,208,205,214,218,215,208,193,205,219,
227,226,227,229,230,230,230,230,230,230,230,228,228,229,229,226,228,227,226,226,
226,226,227,230,232,232,231,227,222,216,245,245,245,244,244,245,245,244,244,244,
245,244,244,244,244,244,244,244,244,244,246,239,240,223,217,216,203,214,190,184,
193,204,210,203,214,227,193,203,212,187,176,174,182,179,189,192,198,217,222,223,
221,228,220,218,206,195,196,201,199,193,218,232,222,226,228,228,228,229,229,230,
230,228,228,228,228,227,228,229,227,226,228,228,227,231,231,231,232,229,225,222,
245,245,245,245,245,245,245,244,244,244,244,244,244,244,242,243,244,244,244,245,
241,219,209,199,192,227,215,196,217,197,184,188,207,221,211,207,202,190,184,180,
175,189,204,212,223,216,229,248,245,241,243,242,244,237,233,224,222,207,196,214,
235,236,225,228,229,230,229,230,230,229,230,230,230,228,227,228,226,227,226,225,
228,228,226,231,232,232,233,230,228,226,245,245,245,245,245,245,245,244,244,244,
243,243,244,244,244,244,243,243,243,245,241,228,208,194,205,210,202,180,182,198,
196,193,199,209,219,210,210,221,218,237,249,255,255,255,255,255,255,253,255,254,
252,250,249,251,252,249,237,232,227,209,222,243,235,227,231,231,231,231,231,231,
231,232,230,229,229,229,228,228,227,228,229,229,226,231,234,233,232,231,230,228,
246,245,245,245,245,245,245,244,244,244,244,244,245,245,244,244,244,244,243,244,
242,241,231,212,218,217,212,194,168,165,180,228,244,227,235,252,246,251,255,253,
251,249,248,248,249,248,246,249,254,255,255,255,254,250,248,252,253,245,228,221,
236,247,243,231,230,231,232,232,231,232,233,233,232,231,231,230,230,229,230,228,
227,228,229,233,234,233,232,231,229,229,246,246,246,245,245,245,244,245,245,245,
245,245,244,245,244,244,245,244,243,246,245,244,224,202,179,181,208,227,190,179,
223,249,250,254,253,252,251,247,240,239,246,246,246,247,247,245,242,243,247,248,
251,255,255,255,253,254,250,241,233,236,245,243,251,241,231,235,234,234,234,234,
234,234,234,233,233,233,233,233,232,227,226,226,228,233,234,234,234,232,231,230,
245,246,246,245,245,245,245,245,245,245,245,245,245,244,244,244,244,244,247,237,
235,233,221,201,190,186,174,178,201,240,255,255,252,247,243,241,243,245,243,246,
249,249,247,248,248,249,249,246,247,246,245,247,250,255,255,252,250,249,237,226,
225,249,255,251,236,232,236,236,236,235,235,236,235,234,233,233,234,234,231,228,
227,228,228,232,235,234,234,233,232,231,246,246,246,245,244,245,245,245,244,244,
244,243,244,243,243,243,244,246,238,224,227,213,200,203,202,200,191,166,201,255,
255,251,238,238,242,244,247,248,248,247,245,242,240,244,245,243,246,248,248,249,
248,246,243,244,251,255,253,249,242,214,239,255,249,254,247,234,235,236,236,236,
236,236,236,236,235,235,234,232,230,229,227,227,228,232,234,234,235,233,232,232,
247,245,245,245,245,244,244,244,244,244,242,242,242,242,242,241,242,244,232,225,
237,238,221,201,190,188,188,186,242,255,247,237,238,242,247,248,249,247,241,231,
223,222,230,236,237,237,240,245,247,249,249,248,247,244,243,248,255,252,242,245,
241,219,239,252,253,240,232,236,235,236,236,235,235,236,236,235,233,230,229,228,
227,227,228,231,235,235,235,232,230,231,246,245,245,244,244,244,245,245,244,244,
243,243,243,242,242,243,242,243,239,235,237,238,254,234,207,201,179,201,255,247,
241,246,245,246,247,247,237,231,233,232,230,229,228,221,220,223,222,229,241,243,
247,248,247,247,246,243,246,253,253,240,200,216,248,245,249,246,232,231,237,236,
235,235,235,235,235,234,233,230,227,227,227,228,229,233,236,235,233,233,231,231,
245,245,245,243,244,245,244,245,245,244,244,243,243,242,241,242,241,243,240,244,
251,231,233,230,192,185,176,228,251,237,232,239,249,245,238,226,224,223,224,220,
215,214,210,207,204,203,206,207,216,223,228,239,241,243,245,245,243,244,255,220,
179,229,250,240,218,207,212,224,231,237,234,235,235,235,235,234,233,230,227,228,
228,227,229,233,235,234,234,234,231,231,246,245,244,245,245,245,244,244,244,243,
242,242,242,242,241,241,243,235,239,254,245,215,205,244,212,135,172,245,241,219,
197,242,242,233,224,207,207,201,191,187,183,193,198,192,190,186,192,194,194,205,
205,207,218,226,238,242,244,240,246,244,184,203,217,203,191,195,217,234,223,231,
235,234,233,233,233,234,233,229,227,226,227,227,228,231,234,235,234,232,232,231,
246,245,246,247,245,245,245,244,243,242,242,243,241,242,241,241,240,228,232,234,
232,236,202,191,220,181,213,240,233,223,227,232,220,209,195,194,191,187,186,182,
179,181,182,182,183,180,181,185,184,187,192,187,193,204,219,231,240,241,232,252,
211,147,169,190,210,229,233,214,224,231,234,231,231,233,231,233,233,229,226,225,
226,226,227,231,233,235,235,232,231,231,246,246,247,247,245,245,245,245,243,242,
243,242,241,242,240,240,242,223,194,192,207,215,233,192,156,199,239,228,228,225,
210,196,199,190,185,185,184,180,178,177,176,174,177,179,177,176,177,175,176,177,
174,174,176,182,194,214,232,235,226,225,234,158,163,207,217,230,216,203,230,239,
234,231,232,233,232,233,232,229,226,225,225,225,227,230,232,235,235,231,230,230,
246,246,246,244,245,246,246,244,243,243,243,241,241,241,239,239,241,223,203,205,
195,178,182,187,149,191,224,220,209,191,183,179,172,177,180,175,171,168,167,168,
164,166,169,169,168,166,165,171,171,169,168,162,162,168,179,191,215,224,206,194,
221,205,155,183,212,217,225,233,228,235,234,231,232,231,231,231,231,229,225,224,
225,225,226,230,234,235,234,233,231,230,247,248,246,246,245,246,246,244,244,244,
242,242,241,240,240,246,245,214,179,169,170,167,153,136,153,195,195,199,184,173,
169,163,161,168,166,160,163,160,157,158,159,152,152,159,161,158,155,157,159,153,
154,158,159,160,163,176,187,200,186,184,192,207,174,141,166,188,210,204,209,230,
233,232,232,230,231,231,231,229,225,224,225,225,227,230,234,235,235,234,232,230,
247,247,246,245,245,245,245,244,245,244,244,243,242,242,243,227,225,181,122,131,
167,161,152,129,158,185,178,179,173,165,159,161,156,155,156,156,153,153,155,156,
158,153,149,156,160,155,152,152,156,154,150,151,154,158,162,166,169,181,174,180,
182,192,185,137,148,170,178,200,220,228,228,229,231,232,232,232,232,233,229,226,
224,225,225,230,235,234,234,233,231,229,246,244,243,242,243,244,243,241,242,243,
242,240,241,242,237,205,180,169,128,124,176,167,136,143,176,164,173,173,165,157,
147,147,149,147,151,153,147,150,156,158,155,153,151,152,156,154,154,153,152,154,
155,154,154,157,156,159,162,171,180,183,170,170,184,172,170,187,197,220,221,227,
233,230,230,232,232,233,234,235,234,229,225,224,225,228,232,233,234,233,230,229,
245,244,241,241,243,243,242,240,242,241,240,240,240,235,228,238,211,162,164,162,
165,134,121,157,153,153,167,163,156,143,134,139,147,153,158,158,153,151,150,154,
156,150,146,146,150,153,153,152,155,161,157,157,155,151,150,157,162,161,174,172,
156,160,176,163,172,202,220,224,214,223,234,232,229,228,228,229,230,231,232,228,
224,223,224,228,232,233,234,233,230,230,247,246,242,242,243,244,243,242,243,242,
242,244,235,231,244,240,205,171,138,130,144,163,165,144,131,151,159,151,149,140,
131,141,153,158,163,167,163,153,148,149,154,151,148,147,150,156,161,163,165,167,
160,159,159,154,154,155,154,156,167,174,158,146,172,184,171,172,186,204,217,215,
215,225,225,226,225,226,227,227,228,226,223,222,223,227,232,232,233,232,230,229,
246,245,244,243,243,242,242,242,242,241,242,242,240,227,218,192,194,209,166,101,
118,141,154,128,120,140,154,143,133,136,137,142,148,156,168,169,168,163,160,155,
153,155,149,152,165,178,178,169,160,151,152,153,152,158,161,167,155,154,160,174,
153,131,157,190,160,154,158,156,187,225,218,222,227,228,226,231,230,230,228,223,
223,222,222,227,231,231,232,232,230,229,246,245,244,244,243,242,242,240,240,239,
238,238,241,241,231,211,186,205,206,138,122,120,155,138,116,123,151,139,130,136,
143,147,146,155,160,164,165,170,178,171,166,163,156,165,167,167,161,148,136,129,
131,140,151,176,197,201,186,168,161,169,159,128,135,173,163,156,155,160,195,226,
236,230,230,221,225,232,231,231,227,223,222,221,223,227,231,232,232,233,229,228,
245,245,242,242,243,243,242,241,240,239,237,239,238,237,236,249,185,156,195,185,
162,148,160,142,100,109,149,146,136,136,148,148,142,143,139,141,144,146,157,165,
160,164,161,156,142,132,135,124,113,119,133,151,173,204,219,220,218,197,178,175,
170,138,132,168,173,176,170,159,188,198,206,225,231,221,223,228,230,228,226,223,
222,222,223,227,231,232,232,232,229,228,244,242,236,240,244,244,241,242,241,239,
238,238,238,237,226,244,222,125,129,142,139,157,165,118,81,110,139,152,146,143,
151,150,141,121,116,113,124,123,129,136,134,151,152,129,120,109,116,124,122,120,
140,161,180,188,177,182,199,221,204,175,176,163,133,158,156,166,177,155,176,160,
151,185,220,228,227,227,228,228,225,223,222,222,223,225,230,232,232,230,230,229,
243,240,238,242,244,243,241,240,239,239,239,239,237,235,236,239,245,165,118,100,
73,108,145,103,86,101,137,156,162,178,180,181,181,151,129,125,117,115,109,102,
112,122,132,120,103,99,101,113,116,129,144,160,169,168,169,167,175,191,214,198,
184,175,139,147,154,158,172,170,157,160,176,163,185,218,233,228,226,227,225,223,
223,223,223,225,230,232,231,230,228,228,238,239,240,242,241,242,242,239,239,240,
236,232,235,239,242,216,214,203,142,131,120,108,133,105,79,102,146,168,183,205,
198,185,188,186,171,153,136,117,109,98,102,104,104,103,81,83,86,95,130,154,
151,148,144,146,150,159,166,165,182,206,198,181,142,134,158,157,165,149,144,145,
164,185,171,195,220,224,224,222,224,223,223,223,222,226,231,230,230,230,229,226,
235,236,237,237,241,243,241,239,239,238,236,232,228,236,208,210,218,196,188,167,
140,120,124,118,79,118,153,167,168,170,160,154,158,162,155,150,155,140,117,103,
102,83,89,100,90,64,66,98,134,120,106,120,126,122,132,133,141,160,169,186,
196,183,151,133,151,129,141,148,163,176,151,165,184,178,202,209,219,226,222,223,
222,221,222,226,230,229,230,230,228,227,235,235,235,234,235,238,239,238,238,237,
240,238,235,202,201,202,140,115,125,145,164,139,134,143,107,136,168,136,109,115,
109,117,118,115,120,117,112,120,111,95,84,89,94,86,97,81,90,113,99,105,
121,125,124,138,142,128,139,142,146,178,187,182,156,127,125,110,127,152,179,215,
240,153,151,183,190,196,209,221,221,220,219,220,221,224,228,230,230,228,226,227,
234,234,235,234,232,233,233,234,238,240,225,232,227,173,159,120,115,108,91,101,
135,126,142,139,109,153,173,114,97,80,53,44,63,81,91,101,116,112,101,99,
101,114,92,93,117,131,124,113,119,134,136,156,185,187,171,167,140,140,131,149,
189,178,150,127,107,103,116,139,191,238,255,217,148,167,179,181,197,220,220,219,
218,217,218,223,228,229,229,229,226,226,233,233,234,234,231,230,231,231,229,228,
230,222,181,135,102,124,124,104,115,118,116,131,127,96,102,161,158,88,70,32,
6,31,87,134,161,157,137,131,119,110,129,139,124,136,142,171,184,143,155,175,
174,215,255,248,219,220,161,118,135,144,178,168,142,117,114,131,139,160,200,235,
247,250,185,149,167,169,204,226,218,218,217,216,217,222,228,228,228,229,226,225,
233,233,233,232,231,231,231,230,218,226,229,188,159,90,96,117,103,164,206,175,
141,107,94,80,93,161,162,65,42,0,45,124,129,211,255,226,176,172,155,156,
161,148,165,165,169,196,226,193,176,181,175,177,172,174,171,168,189,154,129,139,
152,157,139,110,110,133,189,195,200,226,235,238,202,146,155,159,202,222,219,217,
216,215,216,221,226,227,227,227,226,226,232,232,233,232,231,231,230,229,221,232,
208,157,153,90,78,132,188,248,240,214,161,80,100,76,89,143,155,54,0,4,
103,124,136,167,183,178,174,184,170,168,175,165,167,163,167,191,220,199,152,141,
131,125,114,118,140,160,190,190,156,147,156,162,140,99,110,123,197,209,198,222,
220,229,200,132,136,151,203,217,216,215,214,215,215,219,225,226,226,227,225,225,
231,231,233,233,231,229,230,229,227,233,202,149,129,126,111,183,218,226,211,200,
126,78,106,80,65,126,146,71,46,111,97,43,51,54,77,113,140,141,138,162,
185,168,168,178,175,179,214,220,160,134,143,142,138,131,126,139,153,145,143,149,
175,183,150,80,104,134,159,200,202,201,222,228,170,112,107,177,220,212,212,212,
213,214,213,217,224,226,225,226,225,224,230,231,234,236,232,230,228,227,226,235,
203,142,117,137,117,131,217,228,205,154,79,93,123,121,66,114,129,116,151,142,
84,23,1,28,67,110,129,125,146,198,191,162,168,181,201,196,200,220,194,143,
119,119,124,112,115,143,163,167,155,148,176,188,163,136,85,126,149,169,195,191,
191,177,99,64,146,216,213,205,211,216,210,211,212,216,223,226,224,225,226,223,
229,230,233,236,233,232,230,227,225,232,220,152,106,122,146,157,196,178,146,89,
84,107,142,174,108,100,123,130,116,96,73,5,0,9,35,97,122,146,191,198,
175,156,152,167,186,205,201,202,214,205,176,150,148,159,176,176,165,166,163,150,
159,177,159,201,158,129,155,145,120,123,119,89,73,148,225,214,205,207,203,200,
212,207,210,213,222,226,223,223,227,231,227,227,231,236,235,235,235,229,227,226,
237,190,106,69,135,165,149,147,132,108,101,108,182,193,103,100,135,110,83,119,
109,52,14,20,61,125,173,193,188,162,165,180,172,168,173,201,208,201,180,179,
203,204,189,188,177,157,149,157,156,154,151,159,156,204,209,153,135,156,117,102,
123,165,196,231,221,205,204,211,134,81,176,219,209,212,220,223,219,223,228,214,
227,227,232,235,234,234,234,233,232,225,233,236,168,74,62,120,134,135,107,70,
80,124,227,198,132,129,120,107,108,115,91,73,45,62,101,138,176,168,148,140,
169,198,181,150,151,190,211,207,165,127,143,154,156,149,146,149,153,159,158,152,
145,146,162,204,159,139,153,160,155,145,163,243,238,219,207,202,204,204,107,46,
153,219,210,213,220,221,216,240,173,54,227,227,231,235,232,232,233,235,235,227,
225,240,238,186,94,53,62,51,60,91,132,133,186,188,176,153,107,110,115,112,
77,71,60,18,37,93,121,124,107,157,183,187,172,162,163,167,194,208,192,98,
88,127,140,131,130,136,144,151,158,149,140,144,153,130,144,167,188,154,135,130,
149,226,233,216,207,202,200,198,167,149,187,206,208,212,218,219,213,251,141,0,
227,225,231,234,231,231,232,235,235,227,226,228,244,249,229,194,173,176,213,227,
165,109,104,144,154,136,112,109,114,120,96,85,55,16,8,22,43,57,108,186,
169,171,171,167,170,168,167,181,204,119,53,95,117,122,122,126,129,137,151,148,
136,149,140,55,155,198,181,147,113,122,203,238,228,221,211,204,200,201,209,211,
203,206,208,213,219,219,211,228,207,86,226,225,230,233,230,230,231,235,234,227,
225,233,235,238,242,248,250,252,238,223,204,180,124,97,135,126,117,102,109,116,
92,66,45,29,0,0,0,15,123,166,153,156,160,151,153,163,155,150,172,144,
86,66,79,99,113,112,116,126,135,140,126,135,148,121,144,183,175,117,102,183,
239,228,227,225,218,211,207,210,219,220,212,211,212,213,221,220,210,211,231,223,
225,225,231,233,229,229,231,234,233,226,225,232,237,236,236,237,234,229,223,228,
216,219,211,187,165,129,119,100,100,102,81,54,38,25,0,0,0,36,100,115,
126,136,142,136,129,128,134,126,115,134,139,99,71,79,89,96,112,121,129,129,
119,125,153,177,135,137,127,116,169,235,228,222,225,227,223,217,214,217,226,227,
223,218,214,215,224,222,211,214,225,224,225,225,231,232,228,228,230,234,233,225,
224,233,237,236,235,234,234,235,236,231,221,222,227,250,207,119,114,102,94,95,
76,51,27,9,0,0,6,74,92,66,86,114,125,104,95,110,125,117,113,140,
143,138,101,71,75,88,103,113,119,117,114,134,125,86,143,160,151,191,227,229,
224,227,228,229,224,221,219,218,226,228,223,216,212,216,226,223,212,215,225,222,
223,222,229,231,228,229,230,234,233,225,224,232,236,236,235,234,234,235,232,229,
232,228,229,235,213,128,108,101,91,90,73,61,48,3,0,0,26,76,109,111,
103,89,87,93,92,97,97,116,135,147,149,141,124,87,72,86,94,107,114,109,
109,128,121,130,213,215,205,225,232,222,224,228,229,227,225,224,222,219,223,227,
221,216,213,218,225,224,214,217,226,222,222,222,230,232,230,230,231,234,233,225,
225,232,235,236,235,234,235,234,230,230,230,230,228,224,243,185,100,96,80,76,
74,68,56,3,0,0,26,88,113,111,102,85,64,85,101,86,89,106,127,145,
148,140,123,108,88,81,95,106,109,103,105,104,150,255,234,212,218,220,224,223,
224,227,227,226,225,223,220,221,224,227,222,218,217,218,226,227,220,221,226,224,
222,222,231,234,231,231,231,234,232,224,224,233,237,235,235,236,235,232,229,230,
231,229,227,222,241,215,102,92,72,70,77,59,28,7,0,0,42,114,113,87,
91,95,81,89,100,99,95,91,101,117,119,120,122,113,107,89,91,104,104,100,
100,92,154,254,223,214,215,218,224,223,224,226,228,226,225,223,221,223,225,226,
223,221,220,220,225,227,223,223,228,225,222,222,228,232,232,233,232,233,231,223,
225,234,237,236,236,235,234,232,229,229,231,229,227,223,234,225,109,88,76,66,
70,62,37,16,12,13,72,99,67,48,59,75,75,102,127,118,99,93,101,103,
108,104,98,102,108,99,91,98,98,96,96,79,165,253,217,217,215,217,224,224,
225,225,227,227,225,224,223,223,225,224,222,223,222,222,224,226,223,224,229,227,
222,223,224,227,229,229,230,230,229,223,226,233,236,236,236,234,233,232,230,230,
230,229,227,224,226,248,131,77,81,56,69,69,38,27,28,39,57,29,7,29,
55,77,85,92,96,103,105,107,104,102,100,102,89,84,105,103,96,101,101,89,
85,77,182,250,216,218,215,217,224,224,226,228,226,226,225,224,223,224,225,223,
222,224,223,222,224,227,224,225,228,227,220,222,224,226,227,226,225,224,223,222,
225,234,236,235,235,234,233,233,231,229,230,229,226,222,223,255,167,71,74,50,
65,70,46,33,32,38,32,24,9,22,59,82,68,69,57,65,90,77,72,92,
138,144,82,73,95,107,93,101,92,84,79,86,208,242,214,217,214,218,224,223,
225,228,227,226,226,224,223,224,227,229,228,224,222,222,225,227,225,226,227,228,
216,219,223,226,226,225,225,222,219,220,225,234,236,235,235,233,232,232,230,229,
229,229,227,223,224,252,207,89,67,36,45,67,64,34,30,35,21,19,107,118,
95,115,79,83,91,103,144,146,169,198,248,217,97,72,95,106,94,96,82,79,
76,115,233,228,217,217,214,218,225,224,225,227,228,227,225,224,223,224,226,229,
227,223,222,223,226,227,226,226,228,230,215,217,224,227,227,227,227,223,221,220,
225,234,236,235,234,233,233,232,229,229,229,229,228,225,223,238,242,123,68,26,
17,55,74,48,37,34,3,96,241,220,193,188,186,181,191,192,191,200,214,225,
247,198,116,85,94,90,86,90,75,70,65,149,250,218,219,216,214,218,225,225,
225,227,227,227,226,224,225,225,225,227,225,223,225,224,226,229,228,228,228,229,
214,218,224,226,224,224,226,223,220,220,225,233,235,234,234,233,233,231,230,229,
231,229,227,224,215,228,255,155,74,52,6,23,48,48,53,44,22,173,244,194,
189,184,193,200,198,181,170,186,205,226,233,150,120,111,84,79,79,73,65,68,
70,188,252,213,218,216,213,218,226,224,225,227,226,226,226,225,226,225,226,228,
225,225,225,224,227,229,229,230,229,227,215,219,226,227,224,223,223,224,221,220,
226,233,235,234,234,234,234,232,230,229,230,230,228,224,211,225,255,194,79,74,
37,32,30,19,41,73,85,155,228,200,191,188,185,195,197,190,189,195,206,238,
194,116,159,140,82,79,74,63,60,66,101,221,234,213,216,214,213,217,224,224,
226,227,226,225,226,227,225,225,226,228,227,224,224,225,228,230,230,229,230,227,
215,218,229,232,230,229,227,227,225,222,226,233,234,235,234,234,234,232,230,230,
231,230,226,225,225,224,243,240,116,76,63,59,64,37,41,84,104,116,207,221,
192,190,193,199,199,197,198,203,221,226,148,133,148,120,87,79,68,59,53,65,
144,238,215,217,214,211,210,215,222,224,226,226,226,226,226,227,225,224,227,228,
226,225,225,226,228,231,231,229,229,228,213,218,229,234,234,234,234,234,228,222,
228,234,234,235,235,234,233,233,230,229,230,229,227,225,226,220,233,255,169,85,
84,56,83,84,64,81,88,103,165,230,206,198,202,204,204,201,204,215,236,184,
136,165,122,103,99,79,62,45,61,80,173,240,212,218,216,209,206,213,221,223,
225,226,227,227,227,227,225,224,227,228,225,226,226,227,228,230,230,230,229,228,
212,219,230,232,231,233,234,236,230,221,227,235,233,234,234,234,233,231,229,229,
230,230,228,226,227,222,221,237,204,113,97,63,70,89,77,80,78,97,134,193,
225,213,208,208,211,210,214,225,207,150,124,162,147,84,102,87,49,38,75,100,
193,228,216,217,216,207,203,212,222,222,224,226,226,227,228,227,225,225,228,226,
225,227,226,226,228,230,229,229,229,229,213,219,231,230,227,228,231,235,229,221,
226,234,233,233,234,233,233,230,229,229,230,229,227,226,226,226,218,214,227,145,
100,79,66,94,93,80,83,88,131,159,199,210,212,211,210,208,212,202,170,139,
133,154,127,80,101,81,38,53,82,126,221,217,214,218,216,205,202,212,220,221,
224,227,227,228,228,227,226,227,228,227,227,227,226,226,229,229,228,228,227,228,
215,220,229,227,225,226,229,233,228,219,226,234,233,234,233,233,234,231,228,230,
231,229,228,227,227,226,222,214,233,177,106,93,61,94,101,77,85,82,113,156,
176,202,209,210,207,209,208,186,150,112,141,127,84,86,89,56,43,75,82,167,
234,215,212,218,216,204,201,210,220,222,224,226,226,227,226,227,226,228,231,230,
229,228,226,226,229,230,229,228,229,230,215,219,228,227,227,227,228,233,227,220,
226,233,232,234,234,234,234,230,229,231,231,231,230,229,229,226,221,214,219,211,
124,91,56,77,100,70,77,87,89,126,163,182,195,197,201,200,182,151,107,94,
89,88,83,83,68,35,54,72,109,189,219,214,209,215,215,206,201,208,223,223,
224,225,225,227,227,227,226,229,232,231,229,227,226,227,227,229,228,228,230,231,
215,220,229,228,227,227,228,232,228,220,226,232,232,234,234,234,232,229,228,232,
230,228,232,230,226,222,217,218,226,252,165,82,75,66,90,79,87,96,87,86,
109,133,138,141,138,126,108,83,77,82,77,93,89,82,49,35,52,81,158,155,
200,236,223,220,211,201,199,208,221,223,224,225,225,226,226,226,228,229,228,225,
223,226,228,227,227,228,228,229,229,230,215,221,229,229,228,226,227,231,228,221,
226,234,235,235,235,233,234,232,232,234,228,218,212,224,232,233,235,240,242,255,
208,96,86,67,79,94,95,100,98,74,60,71,73,68,61,53,50,53,76,69,
95,109,93,72,36,38,55,115,121,92,176,245,242,237,231,219,204,203,219,223,
223,227,227,225,224,226,228,228,225,222,220,225,228,227,228,230,229,229,230,229,
217,221,229,230,228,227,229,236,229,221,228,231,224,227,236,238,225,217,225,226,
211,203,218,241,247,247,246,242,245,230,223,150,74,73,73,94,102,108,107,82,
67,55,53,46,45,47,48,68,83,108,160,147,87,56,31,39,89,106,47,91,
185,217,236,237,241,244,240,226,214,217,229,225,226,227,225,227,229,229,226,222,
224,227,229,229,229,231,230,229,230,229,217,222,230,231,229,227,227,225,222,223,
225,220,201,208,217,220,220,210,209,206,203,228,248,249,244,243,241,242,242,210,
213,211,104,66,74,90,100,105,115,113,106,94,85,93,97,96,102,103,118,166,
168,110,69,43,36,53,65,48,68,136,200,195,209,239,234,236,242,245,234,210,
208,206,211,225,224,228,230,231,224,213,222,229,229,229,229,231,231,230,231,231,
218,223,230,226,225,223,216,209,211,218,222,221,212,210,209,203,210,208,201,195,
226,246,243,244,243,242,239,246,230,198,209,231,176,74,64,82,89,100,107,123,
127,125,131,126,119,113,117,126,155,149,112,75,59,32,45,52,38,52,106,142,
197,192,183,222,243,235,236,239,245,237,202,193,201,205,219,222,225,234,228,218,
222,228,227,227,229,230,231,230,231,231,225,238,227,217,224,215,209,214,215,213,
211,206,203,199,196,196,193,192,188,214,247,242,245,244,243,241,240,247,216,191,
214,223,214,149,71,62,85,89,95,107,112,107,102,88,81,95,111,126,130,111,
76,60,40,45,53,42,46,79,95,133,194,191,162,180,240,240,238,239,240,247,
242,206,198,202,217,210,212,218,210,219,227,228,228,228,230,230,231,231,232,232,
239,207,183,188,200,210,211,213,203,196,192,191,192,195,192,194,195,189,203,243,
244,241,243,243,242,239,241,242,198,190,210,219,216,198,143,83,64,76,85,91,
104,103,93,82,91,104,116,104,95,82,58,40,39,43,30,43,88,99,68,106,
199,191,161,159,224,247,237,237,240,240,248,236,205,201,211,210,213,195,197,228,
235,227,227,232,232,232,231,230,232,231,151,131,149,165,168,200,215,201,198,195,
197,197,194,191,192,192,192,193,233,249,241,240,239,239,239,238,246,230,180,189,
205,211,216,211,187,133,97,77,64,70,77,81,85,83,90,90,78,76,73,51,
37,32,33,40,82,100,103,74,41,139,208,185,170,153,190,246,239,237,238,240,
241,248,234,206,214,216,212,193,224,223,218,220,214,216,222,230,232,230,230,231,
182,202,190,195,205,206,208,204,203,201,198,194,194,194,197,191,186,219,250,241,
240,240,237,237,238,239,246,213,171,187,203,204,213,214,207,183,142,115,107,77,
50,44,42,50,52,55,49,44,44,38,41,43,33,69,103,71,41,25,116,211,
188,180,171,151,154,224,248,237,238,239,241,243,249,217,197,212,205,218,226,203,
213,217,215,206,208,222,229,230,231,230,179,183,201,219,217,214,206,206,206,201,
196,198,198,196,196,194,199,240,245,240,240,239,238,237,237,243,238,196,170,184,
195,201,205,212,207,211,190,157,147,135,126,113,78,51,53,49,71,91,55,34,
39,39,51,64,51,39,76,146,213,199,176,175,169,150,140,184,245,240,239,240,
241,241,248,237,199,197,202,218,215,213,217,217,210,207,222,234,231,229,231,231,
146,171,212,227,212,208,210,209,206,203,201,202,199,200,194,193,215,238,242,240,
240,239,239,238,237,243,225,185,167,183,192,193,191,191,202,200,200,201,180,174,
184,191,197,151,130,109,126,152,120,67,51,78,103,124,162,176,205,210,193,180,
171,171,166,150,142,152,216,248,239,240,241,242,242,250,221,196,202,198,203,212,
216,205,216,236,237,226,231,230,228,231,216,223,222,209,198,200,208,210,208,206,
205,202,200,200,182,191,211,238,241,239,239,238,238,238,241,237,210,181,165,185,
192,188,186,171,182,195,190,186,189,186,174,168,185,175,158,165,165,177,179,157,
125,123,139,167,206,201,178,168,170,165,168,168,167,152,140,141,185,244,241,239,
240,241,242,247,240,205,201,202,202,210,205,213,235,214,199,220,227,224,228,229,
