255,255,255,255,255,255,255,255,255,255,255,255,255,255,255,255,255,255,255,255,
255,255,255,255,255,255,255,255,255,255,255,255,255,255,255,254,255,255,255,255,
254,255,255,255,255,255,255,255,255,255,255,255,255,255,255,255,255,255,255,255,
255,255,255,255,255,255,255,255,255,255,255,255,255,255,255,255,255,255,255,255,
255,255,255,255,255,255,255,255,255,255,255,255,255,255,255,255,255,255,255,255,
255,255,255,255,255,255,255,255,255,255,255,255,255,255,255,255,255,255,255,254,
255,255,255,255,255,255,253,255,255,255,255,254,255,255,255,255,255,255,255,255,
252,255,255,254,255,255,255,255,255,255,255,255,255,255,255,255,255,255,255,255,
255,255,255,255,255,255,255,255,255,255,255,255,255,255,255,255,255,255,255,255,
255,255,255,255,255,255,255,255,255,255,255,255,255,255,255,255,255,255,255,255,
255,255,255,255,255,255,255,255,255,255,255,254,255,255,255,254,231,173,156,177,
125,146,190,250,255,255,255,255,143,81,251,255,254,255,255,255,255,255,255,255,
255,255,255,255,255,255,255,255,255,255,255,255,255,255,255,255,255,255,255,255,
255,255,255,255,255,255,255,255,255,255,255,255,255,255,255,255,255,255,255,255,
255,255,255,255,255,255,255,255,255,255,255,255,255,255,255,255,254,255,255,255,
254,255,255,242,148,109,86,94,124,195,96,10,47,243,255,255,254,255,0,0,
255,255,255,254,255,255,255,255,255,255,255,255,255,255,255,255,255,255,255,255,
255,255,255,255,255,255,255,255,255,255,255,255,255,255,255,255,255,255,255,255,
255,255,255,255,255,255,255,255,255,255,255,255,255,255,255,255,255,255,255,255,
255,255,255,255,255,255,255,255,254,255,255,246,121,71,96,190,237,254,255,255,
255,255,249,255,255,255,255,255,150,48,254,255,255,255,255,255,255,255,255,255,
255,255,255,255,255,255,255,255,255,255,255,255,255,255,255,255,255,255,255,255,
255,255,255,255,255,255,255,255,255,255,255,255,255,255,255,255,255,255,255,255,
255,255,255,255,255,255,255,255,255,255,255,255,255,255,255,254,255,255,255,255,
202,32,93,214,255,255,255,255,255,255,255,255,255,255,255,254,255,255,110,53,
255,255,255,255,255,255,255,255,255,255,255,255,255,255,255,255,255,255,255,255,
255,255,255,255,255,255,255,255,255,255,255,255,255,255,255,255,255,255,255,255,
255,255,255,255,255,255,255,255,255,255,255,255,255,255,255,255,255,255,255,255,
255,255,255,255,254,255,255,255,255,213,13,165,255,254,255,254,255,255,255,255,
255,254,255,255,255,255,254,255,5,33,255,255,255,255,255,255,255,255,255,255,
255,255,255,255,255,255,255,255,255,255,255,255,255,255,255,255,255,255,255,255,
255,255,255,255,255,255,255,255,255,255,255,255,255,255,255,255,255,255,255,255,
255,255,255,255,255,255,255,255,255,255,255,255,255,255,255,255,255,255,255,45,
42,255,255,255,255,255,255,255,255,255,255,255,255,255,255,255,255,255,74,34,
255,255,255,254,255,255,255,255,255,255,255,255,255,255,255,255,255,255,255,255,
255,255,255,255,255,255,255,255,255,255,255,255,255,255,255,255,255,255,255,255,
255,255,255,255,255,255,255,255,255,255,255,255,255,255,255,255,255,255,255,255,
255,255,255,255,255,255,255,255,255,13,28,255,255,255,255,255,255,254,255,255,
255,255,255,255,255,255,255,255,99,33,255,254,255,255,255,255,255,255,255,255,
255,255,255,255,255,255,255,255,255,255,255,255,255,255,255,255,255,255,255,255,
255,255,255,255,255,255,255,255,255,255,255,255,255,255,255,255,255,255,255,255,
255,255,255,255,255,255,255,255,255,255,255,255,255,255,255,255,255,255,255,112,
0,58,182,254,213,232,254,255,255,255,255,255,254,255,255,255,255,254,49,38,
255,254,255,255,255,255,255,255,254,255,255,255,255,255,255,255,255,255,255,255,
255,255,255,255,255,255,255,255,255,255,255,255,255,255,255,255,255,255,255,255,
255,255,255,255,255,255,255,255,255,255,255,255,255,255,255,255,255,255,255,255,
255,255,255,255,255,254,255,255,255,247,62,0,0,20,19,22,44,52,36,61,
130,109,165,244,255,255,255,255,60,87,255,255,255,255,255,255,255,255,255,255,
255,254,255,255,255,255,255,255,255,255,255,255,255,255,255,255,255,255,255,255,
255,255,255,255,255,255,255,255,255,255,255,255,255,255,255,255,255,255,255,255,
255,255,255,255,255,255,255,255,255,255,255,255,255,255,255,255,254,255,255,255,
255,182,106,35,197,185,24,0,6,0,0,1,0,1,109,255,254,255,87,92,
255,254,255,255,255,235,255,255,255,255,244,255,255,255,255,255,255,255,255,255,
255,255,255,255,255,255,255,255,255,255,255,255,255,255,255,255,255,255,255,255,
255,255,255,255,255,255,255,255,255,255,255,255,255,255,255,255,255,255,255,255,
255,255,255,255,255,255,255,255,255,255,255,254,255,255,255,255,255,255,255,250,
218,162,72,1,0,142,255,255,71,33,254,255,255,173,50,183,255,255,241,64,
135,254,255,255,255,255,255,255,255,255,255,255,255,255,255,255,255,255,255,255,
255,255,255,255,255,255,255,255,255,255,255,255,255,255,255,255,255,255,255,255,
255,255,255,255,255,255,255,255,255,255,255,255,255,255,255,254,255,254,255,254,
254,255,255,255,254,255,255,255,255,255,255,255,254,188,46,12,255,255,58,24,
255,254,255,45,0,253,255,255,248,12,131,255,255,255,255,255,255,255,255,255,
255,255,255,255,255,255,255,255,255,255,255,255,255,255,255,255,255,255,255,255,
255,255,255,255,255,255,255,255,255,255,255,255,255,255,255,255,255,255,255,255,
255,255,255,255,255,255,255,255,255,255,255,254,255,255,255,255,255,255,255,255,
255,255,255,231,0,1,231,254,66,19,255,255,255,57,19,255,255,255,255,81,
92,255,255,255,255,255,255,255,255,255,255,255,255,255,255,255,255,255,255,255,
255,255,255,255,255,255,255,255,255,255,255,255,255,255,255,255,255,255,255,255,
255,255,255,255,255,255,255,255,255,255,255,255,255,255,255,255,255,255,255,255,
255,255,255,255,255,255,255,255,255,255,255,255,255,254,40,0,230,255,68,75,
255,255,251,21,143,254,255,255,255,82,1,254,255,255,255,255,255,255,255,255,
255,255,255,255,255,255,255,255,255,255,255,255,255,255,255,255,255,255,255,255,
255,255,255,255,255,255,255,255,255,255,255,255,255,255,255,255,255,255,255,255,
255,255,255,255,255,255,255,255,255,255,254,255,255,255,255,255,255,255,255,255,
255,255,255,235,1,21,255,254,38,41,255,255,241,2,174,255,255,255,255,33,
18,254,255,255,255,255,255,255,255,255,255,255,255,255,255,255,255,255,255,255,
255,255,255,255,255,255,255,255,255,255,255,255,255,255,255,255,255,255,255,255,
255,255,255,255,255,255,255,255,255,255,255,255,255,255,255,255,255,255,255,254,
255,255,255,255,255,255,255,255,255,255,255,254,255,212,0,133,255,255,171,16,
241,255,181,0,217,255,255,255,127,3,10,253,255,255,255,255,255,255,255,255,
255,255,255,255,255,255,255,255,255,255,255,255,255,255,255,255,255,255,255,255,
255,255,255,255,255,255,255,255,255,255,255,255,255,255,255,255,255,255,255,255,
255,255,255,255,255,254,154,164,255,255,255,254,255,254,255,254,255,255,254,255,
255,255,255,130,0,239,255,255,122,0,236,255,154,0,203,255,211,87,146,81,
18,255,255,255,255,255,255,255,255,255,255,255,255,255,255,255,255,255,255,255,
255,255,255,255,255,255,255,255,255,255,255,255,255,255,255,255,255,255,255,255,
255,255,255,255,255,255,255,255,255,255,255,255,254,254,255,249,0,91,254,255,
255,255,255,255,255,255,254,255,255,255,255,255,254,1,101,255,254,254,2,27,
254,254,226,32,0,74,86,174,255,84,13,254,255,255,255,255,255,255,255,255,
255,255,255,255,255,255,255,255,255,255,255,255,255,255,255,255,255,255,255,255,
255,255,255,255,255,255,255,255,255,255,255,255,255,255,255,255,255,255,255,255,
255,255,254,254,255,251,94,0,225,255,255,255,254,255,254,255,255,255,255,255,
255,255,29,37,255,255,255,252,204,251,255,255,255,250,157,152,247,254,255,89,
3,255,255,255,255,255,255,255,255,255,255,255,255,255,255,255,255,255,255,255,
255,255,255,255,255,255,255,255,255,255,255,255,255,255,255,255,255,255,255,255,
255,255,255,255,255,255,255,255,255,255,255,255,255,255,255,255,255,60,0,176,
255,255,255,254,255,255,255,254,255,255,224,73,48,255,255,255,254,255,255,255,
254,255,254,255,255,255,255,255,254,48,25,255,254,255,255,255,255,255,255,255,
255,255,255,255,255,255,255,255,255,255,255,255,255,255,255,255,255,255,255,255,
255,255,255,255,255,255,255,255,255,255,255,255,255,255,255,255,255,255,255,255,
255,255,255,255,255,254,255,255,132,75,62,133,197,241,253,255,248,217,156,86,
53,112,255,254,255,255,255,255,255,255,255,255,255,255,255,255,255,255,255,19,
78,255,255,254,255,255,255,255,255,255,255,255,255,255,255,255,255,255,255,255,
255,255,255,255,255,255,255,255,255,255,255,255,255,255,255,255,255,255,255,255,
255,255,255,255,255,255,255,255,255,255,255,255,255,255,254,252,254,255,255,255,
151,98,95,99,113,106,86,91,88,108,222,255,255,255,255,255,255,254,255,255,
255,255,255,255,255,255,255,254,255,0,164,255,254,255,255,255,255,255,255,255,
255,255,255,255,255,255,255,255,255,255,255,255,255,255,255,255,255,255,255,255,
255,255,255,255,255,255,255,255,255,255,255,255,255,255,255,255,255,255,255,255,
255,255,255,255,255,254,255,255,255,255,255,255,255,231,224,217,217,251,254,255,
255,255,255,254,255,255,255,255,255,255,255,255,255,255,254,255,255,255,134,37,
255,255,255,255,255,255,255,255,255,255,255,255,255,255,255,255,255,255,255,255,
255,255,255,255,255,255,255,255,255,255,255,255,255,255,255,255,255,255,255,255,
255,255,255,255,255,255,255,255,255,255,255,255,255,255,254,255,255,255,255,255,
255,255,254,255,254,254,255,255,255,255,255,255,240,226,213,211,220,233,246,255,
246,82,254,255,255,254,255,185,39,230,255,255,255,255,255,255,255,255,255,255,
255,255,255,255,255,255,255,255,255,255,255,255,255,255,255,255,255,255,255,255,
255,255,255,255,255,255,255,255,255,255,255,255,255,255,255,255,255,255,255,255,
255,255,255,255,255,255,254,255,255,254,255,255,255,255,255,255,255,255,255,218,
171,150,145,152,156,149,149,135,149,170,232,41,63,220,255,234,132,34,188,254,
255,255,255,255,255,255,255,255,255,255,255,255,255,255,255,255,255,255,255,255,
255,255,255,255,255,255,255,255,255,255,255,255,255,255,255,255,255,255,255,255,
255,255,255,255,255,255,255,255,255,255,255,255,255,255,255,255,255,255,255,255,
255,255,255,254,255,253,247,194,153,158,170,193,223,239,247,243,235,212,191,137,
121,213,137,104,119,119,128,233,255,255,255,255,255,255,255,255,255,255,255,255,
255,255,255,255,255,255,255,255,255,255,255,255,255,255,255,255,255,255,255,255,
255,255,255,255,255,255,255,255,255,255,255,255,255,255,255,255,255,255,255,255,
255,255,255,255,255,255,255,255,255,255,254,255,254,255,254,216,135,136,188,245,
255,255,254,255,254,255,255,254,255,255,215,192,235,189,212,255,255,255,252,252,
254,255,254,255,255,255,255,255,255,255,255,255,255,255,255,255,255,255,255,255,
255,255,255,255,255,255,255,255,255,255,255,255,255,255,255,255,255,255,255,255,
255,255,255,255,255,255,255,255,255,255,255,255,255,255,255,255,254,255,255,255,
255,255,255,254,186,123,168,249,255,255,255,254,255,255,255,254,254,255,255,255,
255,255,226,154,111,199,225,217,232,243,251,254,255,255,255,255,255,255,255,255,
255,255,255,255,255,255,255,255,255,255,255,255,255,255,255,255,255,255,255,255,
255,255,255,255,255,255,255,255,255,255,255,255,255,255,255,255,255,255,255,255,
255,255,255,255,254,255,255,255,254,255,254,247,248,187,117,207,255,255,255,255,
255,255,255,255,254,255,255,254,255,254,255,255,255,255,170,73,153,208,216,232,
243,251,252,255,255,255,255,255,255,255,255,255,255,255,255,255,255,255,255,255,
255,255,255,255,255,255,255,255,255,255,255,255,255,255,255,255,255,255,255,255,
255,255,255,255,255,255,255,255,255,255,255,255,255,255,255,255,255,254,255,252,
243,238,176,123,230,255,255,184,98,182,255,255,254,255,255,255,254,255,255,255,
255,255,255,255,254,190,73,160,212,214,231,242,250,255,255,255,255,255,255,255,
255,255,255,255,255,255,255,255,255,255,255,255,255,255,255,255,255,255,255,255,
255,255,255,255,255,255,255,255,255,255,255,255,255,255,255,255,255,255,255,255,
255,255,255,255,255,255,255,255,254,247,221,166,110,225,255,255,111,0,0,133,
255,255,255,255,255,255,255,255,255,255,255,255,255,255,255,255,176,79,190,205,
217,225,242,255,255,255,255,255,255,255,255,255,255,255,255,255,255,255,255,255,
255,255,255,255,255,255,255,255,255,255,255,255,255,255,255,255,255,255,255,255,
255,255,255,255,255,255,255,255,255,255,255,255,255,255,255,255,255,254,249,238,
197,72,192,254,255,103,0,0,15,242,255,255,255,255,255,255,255,255,255,255,
255,255,255,255,255,255,255,140,98,190,201,207,237,255,255,255,255,255,255,255,
255,255,255,255,255,255,255,255,255,255,255,255,255,255,255,255,255,255,255,255,
255,255,255,255,255,255,255,255,255,255,255,255,255,255,255,255,255,255,255,255,
255,255,255,255,255,255,254,250,230,217,129,132,255,255,171,0,0,0,200,255,
255,255,255,255,255,255,255,255,255,255,255,255,255,255,255,255,255,247,84,125,
181,197,232,255,255,255,255,255,255,255,255,255,255,255,255,255,255,255,255,255,
255,255,255,255,255,255,255,255,255,255,255,255,255,255,255,255,255,255,255,255,
255,255,255,255,255,255,255,255,255,255,255,255,255,255,255,255,255,245,219,202,
110,216,255,255,15,1,10,186,255,255,255,255,255,255,255,255,255,255,255,255,
255,255,255,255,255,255,255,255,170,61,155,197,227,255,255,255,255,255,255,255,
255,255,255,255,255,255,255,255,255,255,255,255,255,255,255,255,255,255,255,255,
255,255,255,255,255,255,255,255,255,255,255,255,255,255,255,255,255,255,255,255,
255,255,255,255,255,255,255,246,229,159,142,255,255,255,123,114,226,255,254,255,
255,255,255,255,255,255,255,255,255,255,255,255,255,255,255,255,255,254,245,81,
121,187,226,255,255,255,255,255,255,255,255,255,255,255,255,255,255,255,255,255,
255,255,255,255,255,255,255,255,255,255,255,255,255,255,255,255,255,255,255,255,
255,255,255,255,255,255,255,255,255,255,255,255,255,255,255,255,255,244,230,120,
176,255,255,255,254,255,255,255,255,255,255,255,255,255,255,255,255,255,255,255,
255,255,255,255,255,255,255,255,255,131,88,184,231,255,255,255,255,255,255,255,
255,255,255,255,255,255,255,255,255,255,255,255,255,255,255,255,255,255,255,255,
255,255,255,255,255,255,255,255,255,255,255,255,255,255,255,255,255,255,255,255,
255,255,255,255,255,254,255,247,217,121,217,255,255,254,255,255,255,255,255,255,
255,255,255,255,255,255,255,255,255,255,255,255,255,255,255,255,255,255,255,170,
70,176,227,254,255,255,255,255,255,255,255,255,255,255,255,255,255,255,255,255,
255,255,255,255,255,255,255,255,255,255,255,255,255,255,255,255,255,255,255,255,
255,255,255,255,255,255,255,255,255,255,255,255,255,255,255,255,255,247,198,145,
249,255,255,255,255,255,255,255,255,255,255,255,255,255,255,255,255,255,255,255,
255,255,255,255,255,255,255,255,255,203,87,180,226,255,255,255,255,255,255,255,
255,255,255,255,255,255,255,255,255,255,255,255,255,255,255,255,255,255,255,255,
255,255,255,255,255,254,255,255,255,255,255,255,255,255,255,255,255,255,255,255,
255,255,255,255,255,255,255,249,182,146,254,255,255,255,255,255,255,255,254,255,
255,255,255,255,255,254,255,254,254,255,255,255,255,255,255,255,255,255,255,230,
106,173,234,254,255,255,255,255,255,255,255,255,255,255,255,255,255,255,255,255,
255,255,255,255,255,255,255,255,255,255,255,255,255,254,240,134,186,255,255,255,
255,255,255,255,255,255,255,255,255,255,255,255,255,255,255,255,255,250,171,150,
255,255,255,255,255,255,255,255,255,255,255,254,255,254,255,255,254,255,255,255,
255,255,255,255,255,255,255,255,255,244,117,167,229,252,255,255,255,255,255,255,
254,255,255,255,255,255,255,255,255,255,255,255,255,255,255,255,255,255,255,255,
255,255,255,231,40,1,131,255,255,255,255,255,255,255,255,255,255,255,255,255,
255,255,255,255,255,255,255,249,160,143,254,255,255,255,255,255,255,255,255,255,
255,255,255,255,254,255,255,255,255,255,255,255,255,255,255,255,255,255,255,241,
120,173,237,254,255,255,255,255,255,255,255,254,255,255,255,255,255,255,255,255,
255,255,255,255,255,255,255,255,255,255,255,255,255,252,30,7,217,255,255,255,
255,255,255,255,255,255,255,255,255,255,255,255,255,255,255,255,251,243,173,139,
255,255,255,254,253,255,255,254,253,255,255,254,255,254,255,255,254,255,255,255,
255,255,255,255,255,253,254,255,255,228,105,190,252,255,254,255,255,255,255,255,
254,255,255,255,255,255,255,255,255,255,255,255,255,255,255,255,255,255,255,255,
255,255,255,255,105,0,214,255,255,255,255,255,255,255,255,255,255,255,255,255,
255,255,255,255,255,254,250,215,166,134,255,254,255,252,252,254,255,254,254,255,
255,255,255,255,254,255,255,255,255,255,254,254,254,255,255,253,254,254,255,209,
84,187,249,255,255,254,255,255,255,255,255,255,255,255,255,255,255,255,255,255,
255,255,255,255,255,255,255,255,255,255,255,255,254,255,112,4,240,255,255,255,
255,255,255,255,255,255,255,255,255,255,255,255,255,255,254,255,254,220,168,109,
226,255,255,255,255,255,255,255,255,255,255,255,255,255,191,85,252,255,255,254,
253,253,254,255,255,255,255,254,255,195,125,218,249,255,255,255,236,78,234,254,
255,255,255,255,255,255,255,255,255,255,255,255,255,255,255,255,255,255,255,255,
255,254,255,254,88,96,255,255,255,255,255,255,255,255,255,255,255,255,255,255,
255,255,255,255,255,255,255,245,220,110,184,255,255,255,255,255,255,255,255,255,
255,255,255,192,24,136,254,255,255,254,254,254,255,255,255,255,255,255,255,255,
241,255,254,255,254,222,45,98,248,255,255,255,255,255,255,255,255,255,255,255,
255,255,255,255,255,255,255,255,255,255,254,255,255,255,74,98,255,255,255,255,
255,255,255,255,255,255,255,255,255,255,255,255,255,255,255,255,255,239,221,149,
145,255,255,255,255,255,255,255,255,255,255,254,255,193,200,255,255,255,255,255,
255,255,255,255,255,255,255,255,226,72,136,255,255,255,255,216,180,255,254,255,
255,255,255,255,255,255,255,255,255,255,255,255,255,255,255,255,255,255,255,255,
255,255,255,255,119,21,221,255,255,255,255,255,255,255,255,255,255,255,255,254,
255,255,255,255,255,255,254,249,228,197,105,225,255,255,255,255,255,255,255,255,
255,255,255,255,255,255,255,255,255,255,255,255,255,255,255,255,255,255,200,0,
106,255,255,254,255,255,254,255,254,255,255,255,255,255,255,254,255,255,254,255,
255,255,255,255,255,255,254,255,255,255,255,254,255,255,211,0,179,254,255,255,
255,255,255,255,255,255,255,255,255,255,255,254,255,255,255,255,255,255,241,220,
115,130,255,255,255,255,255,254,255,255,255,200,249,255,254,255,254,255,255,255,
255,255,254,254,255,255,255,255,255,7,186,255,255,255,255,254,255,255,255,255,
254,255,255,255,254,255,255,254,255,255,255,254,255,255,255,255,255,254,255,255,
254,255,255,255,177,2,200,255,255,255,255,255,255,255,255,255,255,255,255,255,
255,255,254,184,140,126,177,253,255,223,171,64,189,255,222,159,150,180,122,95,
47,106,251,254,171,207,255,255,255,255,255,163,131,168,178,255,255,234,171,6,
146,216,216,167,243,255,180,188,255,255,255,254,254,219,152,163,176,188,255,255,
255,255,255,203,128,152,165,232,255,255,255,255,255,255,153,0,189,255,255,255,
255,255,255,255,255,255,255,255,255,255,254,206,66,106,141,139,51,8,216,255,
217,153,212,141,86,113,100,0,0,77,96,255,255,135,0,193,255,255,255,206,
90,68,35,13,132,255,249,115,45,1,19,93,21,72,246,199,1,129,255,254,
255,255,120,55,25,0,0,154,255,255,255,253,120,81,57,8,58,226,255,255,
255,255,254,254,178,1,193,255,255,255,255,255,255,255,255,255,255,254,255,254,
182,0,139,255,255,255,255,48,7,203,255,255,111,58,243,255,255,216,10,93,
255,255,255,131,9,247,255,255,170,44,222,254,255,254,255,254,251,237,217,0,
157,253,215,255,254,190,7,195,255,255,255,95,96,232,254,242,239,255,254,255,
238,61,148,255,254,255,255,255,255,255,255,255,254,255,158,0,213,255,255,255,
255,255,255,255,255,255,255,255,254,239,0,142,255,255,255,255,255,252,0,81,
255,238,0,202,253,255,255,254,28,20,254,255,255,202,29,224,254,255,22,0,
188,191,175,202,255,255,255,255,229,29,201,254,255,254,255,239,30,168,255,255,
77,76,255,255,255,254,255,254,255,255,167,0,124,205,173,187,238,255,255,255,
255,254,255,254,137,0,225,255,255,255,255,255,255,255,255,255,255,255,255,94,
10,255,255,255,255,255,255,255,17,83,255,195,0,127,255,255,255,172,31,199,
255,254,255,183,1,232,255,255,178,44,1,26,0,0,47,223,255,255,219,11,
175,255,254,255,255,239,0,166,255,254,51,161,255,254,255,255,255,255,255,254,
227,82,0,20,7,0,0,149,255,255,254,255,255,255,191,5,178,255,255,255,
255,255,255,255,255,255,255,255,255,29,49,254,255,255,255,255,255,255,21,87,
255,240,72,0,87,116,91,63,214,255,254,255,255,214,30,231,255,255,255,255,
229,244,240,191,0,84,255,255,225,13,182,255,255,254,255,251,37,165,255,246,
55,154,255,255,255,255,255,255,255,255,255,255,239,231,247,226,37,0,250,255,
255,255,255,254,221,9,174,255,255,255,255,255,255,255,255,255,255,255,255,75,
0,250,255,255,255,255,255,231,0,183,255,255,255,66,0,36,172,255,255,255,
255,255,255,197,17,229,255,245,184,255,255,254,255,255,1,80,255,255,218,0,
167,255,255,231,255,239,20,165,255,250,0,63,255,255,255,254,255,255,255,255,
195,229,255,255,255,254,109,0,248,255,255,254,255,255,91,0,242,255,255,255,
255,255,254,255,255,255,254,255,255,192,1,73,244,255,255,255,210,21,76,255,
255,244,139,195,255,255,254,255,255,254,255,255,255,164,0,198,255,184,0,172,
254,255,255,90,22,245,255,255,200,1,97,220,82,80,255,219,1,134,255,255,
145,0,93,255,255,255,250,102,134,255,0,44,255,254,255,196,1,164,255,255,
255,255,255,255,153,27,244,254,255,255,255,255,255,255,255,254,255,255,254,255,
174,42,30,79,122,140,93,146,255,255,255,238,0,49,111,165,133,43,53,72,
185,255,255,130,62,236,255,243,117,17,103,133,110,83,221,255,255,255,244,44,
8,94,123,222,255,180,49,214,255,255,255,139,11,58,92,119,103,70,209,254,
176,32,58,126,124,80,155,255,255,255,255,255,255,255,252,38,180,255,255,255,
255,255,255,255,254,255,255,255,255,255,254,255,187,145,165,199,252,255,255,254,
255,255,172,36,59,119,99,87,59,9,0,114,255,236,254,255,255,255,255,218,
154,173,205,255,254,254,255,255,255,255,222,247,255,255,255,238,255,254,255,255,
254,255,255,189,138,162,221,255,254,255,255,254,161,160,186,254,255,255,255,255,
255,255,254,254,193,1,207,255,255,254,255,254,255,254,255,255,255,209,222,255,
255,254,255,255,254,255,255,255,255,255,255,255,255,255,255,255,255,255,254,255,
73,1,207,255,255,255,255,255,255,255,254,254,255,254,255,255,255,255,254,255,
254,255,255,255,255,255,255,255,255,254,255,255,255,255,255,255,254,255,255,255,
255,255,255,255,255,255,255,255,255,255,255,255,255,220,0,0,21,70,102,177,
161,154,159,152,130,117,101,30,216,255,255,255,255,255,255,255,255,254,255,255,
255,198,200,255,255,255,254,255,255,255,215,0,182,255,255,255,255,255,255,254,
255,255,255,255,255,254,255,255,255,255,255,254,255,255,255,255,255,255,255,255,
255,254,255,255,255,255,255,255,254,255,255,254,255,255,255,255,255,254,255,255,
255,255,255,194,97,136,137,122,104,164,152,95,88,108,98,136,143,198,255,255,
255,255,255,255,255,254,254,255,255,255,142,32,210,254,255,254,255,255,255,255,
180,7,248,255,255,255,255,255,254,255,255,255,255,255,255,255,255,254,255,255,
255,255,255,255,255,255,255,255,254,255,254,255,255,255,255,255,255,254,255,255,
255,255,255,255,254,255,254,255,255,255,255,255,255,255,255,255,255,255,255,255,
255,255,255,255,255,255,255,254,255,255,255,255,255,255,255,255,255,255,255,255,
0,73,255,255,255,255,255,255,255,205,53,178,255,255,255,255,255,255,255,255,
255,255,255,255,255,255,254,255,255,255,255,255,255,255,255,255,255,254,255,254,
255,255,255,255,255,255,255,255,255,255,255,255,255,255,255,255,255,255,255,255,
255,255,255,255,255,255,255,255,255,255,255,255,255,255,255,255,255,255,255,255,
255,255,255,255,255,255,255,255,255,255,106,0,93,207,242,243,216,169,116,81,
176,255,255,255,255,255,255,255,255,255,255,255,255,255,255,255,255,255,255,255,
255,255,255,255,255,255,255,255,255,255,255,255,255,255,255,255,255,255,255,255,
255,255,255,255,255,255,255,255,255,255,255,255,255,255,255,255,255,255,255,255,
255,255,255,255,255,255,255,255,255,255,255,255,255,255,255,255,255,255,255,255,
255,169,52,95,113,76,106,108,151,251,255,255,255,255,255,255,255,255,255,255,
255,255,255,255,255,255,255,255,255,255,255,255,255,255,255,255,255,255,255,255,
255,255,255,255,255,255,255,255,255,255,255,255,255,255,255,255,255,255,255,255,
255,255,255,255,255,255,255,255,255,255,255,255,255,255,255,255,255,255,255,255,
255,255,255,255,255,255,255,255,255,255,254,255,255,255,229,221,255,255,255,254,
255,255,255,255,255,255,255,255,255,255,255,255,255,255,255,255,255,255,255,255,
255,255,255,255,255,255,255,255,255,255,255,255,255,255,255,255,255,255,255,255,
255,255,255,255,255,255,255,255,255,255,255,255,255,255,255,255,255,255,255,255,
255,255,255,255,255,255,255,255,255,255,255,255,255,255,255,255,255,255,255,255,
255,255,255,255,255,255,255,255,255,255,255,255,255,255,255,255,255,255,255,255,
255,255,255,255,255,255,255,255,255,255,255,255,255,255,255,255,255,255,255,255,
255,255,255,255,255,255,255,255,255,255,255,255,255,255,255,255,255,255,255,255,
255,255,255,255,255,255,255,255,255,255,255,255,255,255,255,255,255,255,255,255,
255,255,255,255,255,255,255,255,255,255,255,255,255,255,254,255,255,254,255,255,
255,255,255,255,255,255,255,255,255,255,255,255,255,255,255,255,255,255,255,255,
255,255,255,255,255,255,255,255,255,255,255,255,255,255,255,255,255,255,255,255,
255,255,255,255,255,255,255,255,255,255,255,255,255,255,255,255,255,255,255,255,
255,255,255,255,255,255,255,255,255,255,255,255,255,255,255,255,255,255,255,255,
254,255,254,255,255,255,254,255,255,255,255,255,255,255,255,255,255,255,255,255,
255,255,255,255,255,255,255,255,255,255,255,255,255,255,255,255,255,255,255,255,
255,255,255,255,255,255,255,255,255,255,255,255,255,255,255,255,255,255,255,255,
