121,120,123,129,131,129,125,121,116,116,118,123,123,123,116,115,115,112,113,111,
109,109,107,108,111,109,108,112,113,112,111,109,103,101,103,102,101,100,101,108,
100,97,105,105,96,97,103,109,100,98,98,96,98,105,97,103,112,111,109,111,
103,103,106,97,98,107,102,98,100,102,109,113,115,106,106,108,107,115,120,120,
123,118,113,113,113,113,116,115,118,123,121,121,129,129,129,129,127,120,115,115,
115,123,121,123,116,113,113,115,111,112,118,111,108,108,108,109,107,108,112,112,
109,109,109,102,100,100,99,99,100,109,105,96,100,108,102,96,97,100,99,96,
95,96,95,96,97,102,112,111,111,109,108,97,96,96,96,103,106,98,100,97,
103,115,113,105,105,109,108,113,115,118,123,116,113,116,115,116,115,112,118,125,
120,127,131,127,129,129,127,120,113,113,116,121,121,125,116,112,115,116,112,112,
120,123,118,112,106,105,108,106,108,115,112,108,111,107,99,98,101,100,97,105,
109,98,96,103,113,106,97,96,97,96,98,100,96,96,101,96,107,115,111,111,
111,97,99,102,96,102,112,101,96,100,106,107,108,103,105,106,107,115,118,118,
121,116,112,113,113,115,116,116,116,121,127,131,131,131,127,125,123,120,116,115,
115,120,123,125,118,115,116,118,115,112,116,121,116,109,105,105,108,106,105,111,
112,109,108,109,106,98,103,102,96,97,106,106,96,96,105,107,97,95,94,101,
111,108,108,99,96,93,100,113,111,109,111,102,101,105,95,96,103,100,92,103,
106,103,103,105,107,108,108,113,123,121,121,118,112,116,112,115,116,116,115,115,
133,131,129,129,127,127,125,120,116,113,115,120,123,125,120,113,113,120,120,112,
116,116,108,106,106,108,105,106,107,105,108,112,111,109,111,105,99,100,100,96,
96,105,108,98,93,96,96,96,93,98,111,109,112,105,96,98,97,109,112,108,
111,106,96,96,96,94,100,105,96,106,102,101,101,105,106,109,106,112,121,121,
121,116,112,113,113,116,115,113,115,116,129,129,129,131,125,125,127,121,115,116,
116,121,125,125,118,116,115,116,123,115,113,118,111,106,113,116,109,105,105,101,
101,109,111,109,111,111,102,97,101,96,94,97,99,93,99,103,90,93,90,103,
120,106,107,99,96,100,96,103,113,109,109,109,98,99,99,94,106,112,107,107,
98,98,100,102,103,106,105,109,115,118,123,118,111,112,112,116,115,113,118,120,
125,121,123,127,121,120,125,121,116,116,120,125,127,125,118,118,116,116,123,118,
111,112,112,108,113,116,113,108,101,102,105,103,109,111,108,107,107,101,94,103,
97,111,83,55,81,67,120,109,98,74,60,93,108,96,91,95,93,98,111,111,
109,111,103,96,96,95,107,113,113,103,97,99,103,109,105,107,107,111,118,118,
121,118,112,113,111,115,116,113,116,116,120,118,120,120,118,116,121,118,115,115,
118,125,127,127,120,115,113,118,125,121,112,108,111,108,111,115,116,116,107,102,
106,101,103,109,108,101,121,141,98,80,95,86,46,78,90,81,102,72,105,60,
56,96,99,108,101,95,97,96,107,111,108,109,108,95,98,99,103,111,109,100,
96,99,100,105,102,105,103,111,116,116,118,118,113,111,111,115,121,115,112,115,
123,129,125,121,118,115,116,113,118,120,118,123,127,125,118,116,116,116,125,123,
115,108,107,106,108,115,118,111,107,106,102,103,101,105,103,161,94,62,145,59,
81,94,59,92,106,111,81,57,90,97,120,95,85,97,107,106,109,98,96,111,
108,108,111,101,100,99,96,109,108,96,96,99,100,103,105,105,105,112,118,116,
118,120,112,112,112,116,123,115,116,121,127,133,131,123,120,116,115,113,118,118,
118,125,127,127,118,113,113,118,123,121,121,116,111,106,108,115,112,106,103,105,
102,102,103,99,121,83,57,60,103,102,76,115,195,111,111,100,115,116,115,102,
105,82,74,95,86,65,66,79,108,106,108,108,109,105,94,95,94,107,105,96,
100,106,111,111,105,108,108,108,115,113,113,112,109,112,112,116,123,120,113,115,
131,131,129,129,129,123,116,113,115,116,118,125,127,125,116,113,115,120,121,121,
121,121,118,109,105,115,112,105,108,103,101,100,99,97,133,78,78,100,74,255,
71,66,54,37,26,23,28,33,44,61,91,139,116,93,90,79,66,92,115,91,
94,94,96,94,91,101,98,98,108,107,111,111,113,112,102,105,106,105,107,109,
108,107,108,111,109,115,121,125,120,115,131,129,127,129,133,125,118,116,120,121,
121,125,127,123,118,116,118,120,123,121,120,118,118,115,106,109,118,107,108,106,
100,113,109,93,79,131,81,107,87,45,18,0,0,0,0,0,0,0,0,0,
10,37,71,141,73,64,123,81,68,105,98,99,98,100,96,96,96,95,108,112,
111,109,112,112,102,103,108,108,115,116,115,112,111,112,111,113,123,121,123,115,
129,131,129,127,127,125,120,120,120,118,120,125,129,125,120,116,113,116,123,121,
120,118,116,120,113,105,108,106,107,107,107,88,94,183,41,60,133,55,17,0,
0,0,0,0,0,0,0,0,0,0,0,0,0,36,53,83,125,60,74,105,
106,111,108,109,105,93,94,96,103,112,111,111,112,112,102,102,106,108,120,120,
121,118,112,112,111,116,123,123,121,112,129,131,131,125,125,129,125,120,123,121,
120,127,127,125,118,118,116,120,125,121,120,120,116,113,116,111,105,102,107,105,
152,81,49,94,87,66,51,0,0,0,0,0,0,0,0,0,0,0,0,0,
0,0,0,0,12,65,89,85,121,106,109,118,106,106,108,96,97,97,99,113,
112,112,112,112,103,102,102,108,120,120,121,121,113,109,111,116,123,123,123,115,
131,131,127,127,127,129,131,123,123,125,121,125,127,125,118,118,121,118,125,123,
121,121,118,111,108,108,105,105,108,129,64,81,116,60,111,56,0,0,0,0,
0,0,0,0,0,0,0,1,0,0,0,0,5,6,0,0,39,255,80,60,
62,87,116,107,111,101,92,92,96,109,113,111,112,112,105,105,107,109,118,121,
123,121,112,113,113,113,121,121,123,118,129,129,127,129,129,129,129,127,120,116,
121,127,125,127,121,118,115,116,127,123,120,120,120,109,103,103,103,103,102,183,
90,56,76,255,59,0,0,1,0,3,3,0,0,0,0,0,6,7,0,0,
0,0,5,7,2,0,0,49,71,53,74,76,82,115,112,105,93,101,99,103,
115,112,113,115,103,102,106,107,118,120,118,120,113,111,111,113,123,123,125,125,
123,123,129,131,131,131,133,127,123,121,123,125,127,127,120,120,116,118,125,123,
120,118,118,107,103,108,109,103,120,76,91,255,76,75,15,0,3,2,0,3,
3,3,1,0,0,0,10,9,0,0,0,7,12,0,0,9,11,5,65,111,
87,93,105,109,109,112,98,100,99,97,106,108,111,111,103,100,100,107,118,116,
116,120,112,109,108,111,118,120,118,118,123,118,121,125,127,129,127,125,121,121,
121,125,127,127,120,118,118,116,123,121,120,118,113,108,102,107,112,105,133,71,
35,62,255,49,0,3,3,5,1,0,3,14,1,2,3,0,14,9,1,2,
0,1,5,20,10,3,23,7,16,81,108,93,98,112,108,113,102,93,94,96,
106,101,96,105,107,102,101,106,115,115,116,120,112,107,107,109,113,113,112,113,
121,121,120,121,121,121,120,118,120,120,120,129,131,127,121,116,113,115,118,113,
113,113,107,107,108,105,105,103,112,113,35,0,32,30,0,8,25,15,5,0,
14,28,0,1,2,0,32,24,2,9,13,10,12,10,17,11,9,17,13,59,
107,74,98,141,120,111,111,95,92,95,106,101,96,103,107,101,101,105,113,116,
116,118,113,108,108,112,118,112,113,116,127,123,123,123,125,123,123,123,120,118,
121,129,125,127,123,116,113,116,116,111,111,112,106,106,109,105,105,103,115,93,
74,68,35,7,5,15,30,14,1,0,16,27,0,0,0,0,18,22,0,2,
17,40,27,3,7,40,29,36,40,50,81,105,85,79,92,116,108,105,102,106,
105,106,109,107,107,108,109,109,112,115,116,120,116,112,116,121,120,120,120,120,
121,121,123,123,121,118,120,120,115,115,123,121,112,123,123,118,118,118,116,115,
113,112,111,111,108,107,108,133,85,31,44,123,65,5,17,8,3,0,0,0,
14,22,0,0,0,0,0,0,0,0,3,13,10,39,36,44,33,24,47,73,
88,84,63,74,92,118,108,115,115,113,116,120,116,115,115,116,116,115,115,116,
120,121,120,118,121,125,121,123,123,123,113,121,125,127,121,116,121,120,118,121,
125,125,121,121,123,123,123,121,118,121,118,115,116,116,113,113,112,118,125,77,
55,40,32,23,14,23,11,5,8,5,44,53,31,36,36,39,69,53,26,7,
0,10,16,50,73,58,35,37,45,48,58,78,112,167,131,115,118,118,120,118,
121,121,120,121,121,120,123,121,120,121,121,121,121,123,125,123,125,125,125,127,
133,136,131,136,133,133,133,131,136,131,127,129,129,129,127,125,125,125,123,121,
120,118,121,116,115,115,113,118,85,108,96,69,34,0,34,87,68,73,81,69,
75,98,101,109,118,115,106,123,111,72,49,65,57,52,75,71,62,88,77,53,
48,36,87,152,118,121,120,120,123,121,123,123,125,123,123,123,123,121,123,123,
123,121,125,129,125,127,127,129,131,129,145,141,141,139,139,136,136,136,133,133,
129,127,127,131,131,127,127,125,125,125,123,121,120,118,116,116,116,161,53,33,
49,54,33,29,87,121,99,92,95,99,89,92,87,81,77,77,78,78,85,107,
139,139,102,71,71,77,92,89,69,87,59,60,102,91,97,129,121,120,121,123,
123,121,121,123,121,121,123,123,121,123,121,121,125,127,123,125,123,123,125,125,
141,141,139,141,136,133,136,133,131,133,129,129,129,127,127,127,127,121,121,123,
123,121,120,120,120,118,115,116,120,97,83,62,63,112,97,78,85,88,83,83,
53,75,84,75,83,85,97,111,106,93,89,92,111,120,68,55,71,100,90,80,
105,174,118,111,112,118,116,116,116,118,116,120,116,116,118,118,118,120,118,116,
118,120,118,118,120,120,121,121,118,120,133,131,129,131,129,127,127,125,123,125,
125,125,123,121,120,121,120,118,118,115,115,115,115,113,112,111,111,106,108,161,
255,255,84,92,82,123,145,120,106,100,91,131,120,96,105,115,139,145,136,120,
101,88,92,148,53,18,33,42,68,125,112,127,116,118,116,115,116,115,115,115,
116,116,115,115,118,118,118,115,116,116,116,118,118,118,118,118,123,121,121,125,
127,125,127,125,123,125,125,123,123,121,121,123,121,121,121,118,118,120,115,113,
113,115,113,112,111,112,115,129,57,43,39,35,59,96,113,75,95,167,113,255,
107,45,78,183,116,108,123,145,136,120,113,118,121,94,77,68,52,53,70,96,
92,156,139,112,116,113,115,116,116,118,120,116,116,115,116,120,120,116,115,118,
116,118,121,120,118,118,120,120,121,125,127,127,127,127,125,125,125,125,125,123,
121,121,121,120,121,118,120,118,115,116,115,115,113,112,112,113,112,116,125,101,
80,68,75,103,125,79,73,116,156,174,28,0,17,255,156,60,80,116,108,111,
133,101,90,113,100,106,78,69,60,27,37,55,97,161,113,113,115,116,115,120,
120,118,118,116,118,120,118,118,116,118,118,116,118,118,118,120,120,120,121,123,
127,129,125,125,125,125,123,125,127,123,121,121,121,120,120,120,120,118,116,116,
115,115,113,113,115,113,115,129,70,61,71,70,102,127,109,131,87,87,255,35,
0,5,0,42,255,101,98,100,101,107,105,77,80,139,116,103,139,118,82,65,
85,70,71,103,123,116,115,115,115,120,118,116,116,116,120,118,116,116,116,120,
120,116,118,120,121,120,121,121,121,123,129,127,127,127,125,123,125,125,125,123,
121,121,123,123,121,120,120,118,116,115,115,116,115,116,115,113,115,129,78,60,
60,30,57,131,113,112,118,214,51,0,9,10,0,0,37,113,116,101,103,106,
85,101,141,87,78,87,90,121,141,125,106,120,93,98,121,116,116,115,116,118,
116,116,116,116,116,118,118,115,116,120,116,118,121,121,121,121,121,123,123,123,
127,127,129,125,123,123,123,121,123,123,123,121,121,120,120,120,118,116,118,118,
116,113,115,115,113,115,113,125,83,78,100,90,72,79,100,112,152,56,0,0,
36,8,0,0,0,54,100,91,90,101,113,107,113,83,71,74,60,63,63,55,
82,123,97,120,118,115,118,116,116,116,116,118,116,116,120,116,116,118,120,120,
120,120,120,120,120,121,121,120,121,123,127,125,125,125,125,123,121,121,121,121,
123,123,120,116,118,120,120,118,118,116,113,113,115,115,113,113,115,127,84,72,
69,78,96,120,71,74,84,32,30,57,81,63,48,32,26,42,54,91,87,96,
101,90,94,111,120,125,107,93,103,120,120,109,91,107,121,118,118,115,115,116,
116,118,118,118,120,115,115,121,118,118,121,120,120,120,121,123,121,120,121,125,
127,127,125,127,125,123,123,123,123,121,121,121,120,118,120,121,120,118,118,116,
116,116,116,116,115,113,115,123,113,71,71,72,79,101,89,58,55,77,108,255,
105,133,255,141,81,82,71,80,87,96,123,116,96,106,102,109,116,127,183,136,
115,109,101,120,121,120,118,118,118,116,118,118,118,118,118,115,118,120,118,118,
120,121,121,120,121,121,121,121,121,125,127,125,125,125,123,123,125,125,123,123,
121,121,120,118,121,121,120,120,118,118,118,116,115,116,115,116,118,129,89,66,
55,58,96,94,61,37,78,123,112,195,96,98,152,127,125,145,112,113,100,85,
63,65,111,127,123,141,118,121,145,125,113,106,118,127,121,118,116,120,120,118,
116,116,116,118,118,116,120,118,118,121,120,120,121,120,120,121,121,121,121,123,
127,125,123,125,123,123,123,123,121,121,121,121,121,121,121,120,120,120,120,120,
116,115,112,115,115,116,116,125,102,75,72,66,101,75,51,65,108,118,109,80,
108,121,115,125,108,102,120,78,91,109,74,70,106,77,79,63,95,195,139,133,
105,111,129,121,120,118,116,120,116,118,120,118,116,116,120,116,118,118,118,120,
120,120,120,121,121,121,121,121,125,125,127,123,123,125,121,123,123,123,121,121,
123,121,120,121,120,120,121,121,120,115,116,120,115,115,118,116,116,121,115,75,
79,102,83,76,70,88,145,80,86,69,103,152,127,125,92,70,102,63,84,118,
129,141,105,85,88,76,85,105,91,90,96,131,125,120,121,118,118,120,118,120,
120,118,118,120,120,120,118,118,118,120,120,120,121,121,121,123,123,121,125,127,
125,125,125,125,123,121,123,123,121,121,121,121,118,118,120,120,120,123,118,113,
116,121,118,118,120,116,118,120,109,133,125,71,91,88,55,69,88,86,94,136,
115,108,106,112,91,72,108,120,105,111,121,111,111,115,131,152,89,79,75,91,
115,133,125,123,121,120,120,120,120,118,118,120,121,120,118,120,118,120,120,120,
118,120,121,123,121,121,125,123,123,125,125,123,123,123,123,123,123,121,123,125,
120,121,121,121,123,121,121,123,121,120,121,120,120,121,121,121,121,145,96,81,
70,43,96,80,79,96,98,112,100,105,118,115,120,120,106,100,106,111,109,96,
75,90,116,103,108,121,145,129,145,145,136,125,125,123,121,120,118,120,120,118,
116,120,118,118,118,120,121,121,121,121,120,121,121,123,121,121,123,123,125,127,
123,123,125,123,123,125,125,121,123,129,129,125,127,129,125,125,125,125,125,123,
125,121,120,123,125,127,125,125,121,156,255,152,141,82,102,125,107,99,112,161,
183,167,183,183,148,131,115,106,120,97,62,86,125,127,136,113,129,127,133,131,
129,127,123,121,121,120,120,118,120,120,120,120,120,121,120,123,121,120,121,121,
121,121,123,123,123,125,121,123,127,127,123,127,129,125,123,123,123,121,123,129,
129,127,127,129,125,121,125,127,121,121,123,121,120,121,123,125,123,121,133,96,
88,83,48,96,129,108,108,127,152,141,141,141,136,131,133,139,141,118,112,120,
131,152,86,63,75,131,125,118,131,131,127,127,125,120,121,123,120,118,120,120,
120,121,120,120,121,120,121,121,123,123,123,123,123,123,123,123,127,127,127,129,
125,127,125,125,125,121,121,121,125,129,127,127,127,127,121,120,123,127,123,123,
125,120,118,121,127,125,120,121,152,69,62,83,74,112,102,108,115,139,127,116,
116,116,121,121,120,120,131,125,112,107,101,113,106,79,78,111,255,255,125,131,
127,127,127,125,121,120,120,121,120,120,120,120,120,120,121,120,121,123,125,125,
121,123,125,123,123,125,127,127,127,127,127,123,125,125,123,123,125,125,123,127,
129,125,125,127,121,120,123,127,121,125,129,123,120,125,127,123,120,123,141,115,
81,102,255,131,99,105,116,127,120,113,108,109,112,115,116,121,120,116,120,108,
102,109,107,133,255,71,58,98,148,131,127,127,125,123,123,118,120,121,120,120,
118,121,121,121,120,120,121,125,123,123,123,125,127,125,125,125,125,127,125,127,
123,123,125,123,123,121,121,121,123,127,127,125,125,129,123,120,125,127,121,121,
125,123,120,125,129,125,121,123,145,96,74,129,141,145,109,101,118,113,113,113,
112,115,112,112,111,108,106,109,116,107,100,108,105,111,116,174,21,21,255,139,
127,127,127,123,121,121,120,121,121,120,118,120,121,121,123,121,123,125,121,121,
125,125,125,127,125,125,123,125,125,127,123,123,123,121,121,120,120,120,120,127,
125,123,127,129,121,120,123,123,121,121,123,123,121,123,127,125,123,125,123,129,
174,121,139,152,113,113,118,103,105,112,116,115,113,111,106,103,103,111,113,109,
139,113,107,116,108,145,94,70,139,133,129,129,127,125,121,121,118,120,123,121,
121,120,121,123,125,123,123,121,121,123,123,123,125,127,125,125,125,125,127,127,
123,123,123,123,121,121,121,120,120,127,129,125,125,129,121,118,125,127,123,123,
125,121,120,121,125,125,123,129,127,116,118,136,73,76,106,94,109,111,99,105,
109,115,115,111,109,113,115,118,129,93,73,106,136,129,109,145,255,255,125,129,
129,127,125,121,123,121,120,120,120,118,118,121,121,118,120,121,121,121,121,121,
123,125,121,120,123,123,123,121,121,125,127,125,123,123,123,123,121,120,121,127,
129,125,123,127,123,120,123,129,123,121,125,125,120,121,125,125,121,131,127,116,
125,107,80,98,214,74,77,123,111,108,123,156,120,113,115,118,115,107,113,100,
77,108,103,92,131,109,156,195,113,109,113,116,112,111,113,112,111,109,106,105,
106,107,108,112,112,112,113,113,113,112,113,115,113,113,116,116,116,116,121,127,
125,127,123,123,123,123,123,121,123,129,129,123,127,129,123,121,125,129,121,120,
127,127,120,123,129,125,123,131,129,120,141,84,82,152,125,174,125,100,101,109,
90,82,112,96,99,105,105,101,99,107,129,116,101,103,183,121,156,214,109,101,
106,105,105,105,103,102,102,102,100,102,102,101,103,107,107,108,108,109,109,111,
112,112,112,113,113,112,113,116,127,125,127,127,123,123,123,123,121,121,121,131,
131,125,125,129,125,121,125,127,121,121,125,125,120,123,131,129,125,131,127,120,
127,103,101,123,120,195,255,123,96,105,83,73,98,92,97,100,97,98,99,102,
106,103,131,255,183,255,214,183,116,106,106,106,106,106,103,103,105,105,102,103,
105,105,105,106,108,111,109,109,111,111,113,113,113,113,113,116,115,120,127,120,
127,125,123,125,123,121,121,123,121,129,131,127,125,127,123,116,121,127,123,121,
125,125,118,120,131,131,125,131,129,120,118,127,131,116,125,156,174,255,113,93,
105,109,94,96,96,97,98,98,101,101,101,123,174,174,183,195,214,255,116,108,
108,109,107,107,105,105,106,106,105,105,106,107,106,106,108,111,111,111,111,112,
112,113,113,113,113,115,115,123,123,116,125,123,123,121,123,123,125,123,121,129,
129,125,125,131,121,115,123,129,123,121,129,127,118,118,131,131,125,133,131,121,
118,118,118,116,125,167,167,174,214,120,98,96,96,95,96,98,101,100,99,107,
131,183,183,183,195,214,214,255,120,105,109,109,107,106,106,105,105,106,106,106,
106,106,105,106,106,109,109,111,111,112,113,112,112,112,113,113,115,127,121,115,
125,123,123,121,125,125,123,123,123,131,129,125,125,131,123,116,123,127,123,121,
129,125,115,116,129,131,127,133,131,116,118,118,120,116,125,167,174,156,195,255,
156,118,108,109,105,103,106,115,133,167,255,167,161,195,214,195,214,255,125,102,
111,108,106,106,106,106,106,106,106,106,107,105,107,107,108,108,106,109,113,113,
111,103,108,113,113,113,120,127,118,116,127,123,125,125,125,125,125,123,123,131,
129,123,129,129,123,121,123,127,127,123,129,123,116,118,127,131,131,136,129,118,
120,116,116,118,125,161,167,174,152,161,255,255,174,183,174,156,174,195,255,214,
174,167,174,195,183,183,214,255,133,103,111,108,107,107,107,107,107,106,105,106,
107,106,108,107,107,108,108,109,112,112,112,112,113,113,113,113,125,123,113,116,
125,127,129,127,125,123,125,125,123,129,127,125,127,129,123,120,123,129,123,121,
127,123,116,120,127,131,129,131,127,120,116,115,120,115,125,174,167,167,161,161,
161,161,183,214,255,255,255,195,174,174,174,195,167,174,195,195,195,255,148,106,
107,109,108,106,108,107,107,105,106,107,106,106,107,106,105,106,108,109,111,109,
113,129,129,115,112,116,129,118,115,116,127,125,127,127,125,125,123,123,123,129,
129,123,125,131,123,118,125,129,121,120,125,125,115,118,129,129,123,127,127,118,
116,118,121,115,139,195,167,161,161,214,183,161,174,167,152,156,156,161,174,174,
167,167,183,183,174,167,195,195,214,121,105,108,106,107,107,106,106,103,105,105,
103,103,103,105,106,108,108,109,112,111,111,127,131,115,112,116,129,118,115,116,
127,125,127,127,125,125,125,125,125,129,131,123,125,131,121,118,125,127,121,120,
129,125,116,120,131,127,121,127,129,118,118,116,116,118,161,167,156,161,156,174,
174,174,183,161,156,156,161,167,167,161,167,183,195,183,183,183,195,195,255,156,
109,115,109,105,108,106,105,105,105,105,102,102,106,108,108,109,109,109,112,113,
112,116,120,115,112,125,127,115,116,118,129,127,127,127,125,125,125,123,125,131,
129,123,127,133,123,118,121,125,121,121,127,125,116,116,131,127,120,127,131,111,
121,120,116,136,167,167,167,167,161,167,161,174,167,167,167,167,174,167,174,183,
195,183,174,195,195,214,195,195,195,183,148,85,109,131,106,106,105,106,106,107,
106,106,107,107,109,109,109,109,109,113,113,112,115,115,118,127,120,116,118,118,
129,127,127,127,125,125,125,123,125,131,129,125,127,131,123,120,123,127,121,121,
127,125,115,118,129,127,120,127,136,101,87,136,115,131,174,167,174,183,167,174,
174,174,183,183,167,174,183,183,167,195,174,167,174,183,183,167,174,195,195,255,
121,82,70,80,214,136,123,118,111,106,105,105,106,107,107,108,109,112,113,112,
111,112,115,115,120,125,113,116,116,116,129,129,127,129,129,127,125,125,125,131,
133,125,125,131,123,120,125,129,121,120,127,125,118,118,129,129,118,123,125,174,
65,72,116,115,214,156,167,167,183,167,167,183,195,183,195,214,174,174,183,195,
183,183,174,183,183,167,174,174,183,156,101,131,71,54,60,74,87,87,99,111,
111,103,131,214,195,255,255,255,214,129,116,116,115,112,121,121,112,116,115,118,
129,129,127,127,129,127,125,123,125,133,131,123,127,131,127,118,123,127,120,121,
127,127,116,115,136,141,127,161,148,141,103,51,79,156,195,161,174,195,183,167,
174,174,183,195,214,255,214,183,195,195,195,195,183,183,183,183,183,174,161,136,
148,255,255,58,6,9,55,56,60,87,97,255,91,64,63,54,33,28,58,83,
105,109,115,120,125,118,113,116,116,115,129,129,129,127,127,125,123,125,125,131,
129,123,127,129,127,121,127,127,148,141,127,255,183,255,118,103,123,91,81,106,
161,106,78,136,195,183,183,183,183,183,183,174,195,195,183,195,195,195,183,183,
174,195,195,167,167,167,161,161,148,167,255,67,37,11,34,23,12,50,85,73,
72,39,5,1,0,0,0,3,32,52,79,92,107,116,125,118,116,115,116,116,
129,129,129,127,129,127,123,123,125,129,129,123,129,141,129,141,145,145,120,111,
145,97,90,71,79,82,52,44,64,77,91,195,161,133,167,255,183,183,174,195,
195,195,195,195,195,195,195,214,183,183,195,195,195,167,167,156,156,152,152,255,
83,16,10,15,26,45,28,12,33,71,83,28,33,56,58,22,33,41,10,46,
81,87,92,99,107,118,118,116,116,118,129,129,129,129,129,125,123,123,123,131,
133,129,125,116,121,59,59,85,9,33,103,16,17,58,79,74,62,59,69,67,
68,72,82,139,183,167,174,183,195,195,195,214,195,183,214,255,214,195,214,214,
183,174,183,167,167,161,152,141,255,85,21,22,36,15,12,36,38,24,21,57,
79,74,65,56,81,69,50,41,21,50,75,81,85,109,115,121,116,115,118,116,
129,129,129,131,127,125,125,123,125,136,129,115,108,101,79,76,49,28,9,42,
63,43,39,64,46,68,75,63,67,65,66,59,51,98,255,156,161,167,174,183,
195,255,195,195,214,214,214,183,214,214,195,167,161,156,156,152,148,161,116,12,
3,9,26,36,27,50,54,46,45,45,55,78,76,70,63,81,87,87,107,86,
80,91,95,106,131,129,127,116,113,118,129,129,129,129,127,125,125,125,127,136,
113,108,113,113,77,95,118,55,50,51,56,88,71,59,55,68,72,69,66,62,
74,73,71,105,174,152,156,161,161,174,167,174,195,255,214,195,195,183,174,174,
174,167,161,156,152,141,136,255,40,0,2,23,5,38,43,35,57,65,54,35,
15,51,79,81,70,66,64,51,45,61,74,84,90,99,116,133,127,125,116,118,
131,129,127,129,129,127,125,123,127,129,113,108,111,98,103,75,60,105,121,77,
85,90,70,84,55,53,58,54,58,47,55,69,63,120,161,148,152,156,156,161,
167,167,183,255,214,174,174,174,156,152,152,156,152,145,145,133,125,133,38,40,
79,136,87,82,108,101,83,56,68,63,31,27,55,38,45,66,80,72,73,84,
103,113,109,120,108,118,141,131,123,116,133,129,127,129,127,127,127,125,123,127,
136,129,111,118,123,81,33,43,80,89,81,68,63,80,45,55,90,77,83,71,
58,76,70,127,139,131,145,152,148,156,161,174,174,195,195,174,174,161,152,152,
152,152,148,136,127,136,148,133,87,53,35,39,37,38,42,49,59,75,90,87,
87,79,80,62,71,95,101,100,101,98,131,123,112,139,129,108,131,141,127,121,
131,133,131,129,129,129,127,129,136,129,116,112,105,95,136,141,91,78,87,75,
79,79,78,77,52,61,63,44,51,39,61,255,255,129,152,145,145,141,152,156,
152,156,161,174,183,183,167,156,152,152,148,148,145,152,148,148,255,96,35,29,
19,0,20,27,32,24,24,63,118,67,60,75,89,148,99,79,80,82,77,85,
96,87,95,113,139,136,118,133,152,131,131,131,131,129,129,129,127,136,133,115,
108,112,115,100,96,99,90,87,123,79,80,90,77,69,58,53,48,23,33,57,
82,46,39,105,195,152,152,145,145,148,152,152,156,195,195,167,156,152,152,152,
152,156,156,152,152,136,195,57,23,34,62,54,38,53,30,14,24,30,44,68,
87,44,36,66,115,255,79,83,105,90,106,113,109,120,113,156,148,131,156,145,
131,129,129,129,127,127,133,148,115,113,133,131,129,123,99,85,89,76,67,73,
75,66,64,56,34,26,44,53,37,48,51,34,52,115,133,127,141,156,156,152,
148,145,156,167,183,167,152,148,156,167,161,161,148,136,129,148,121,53,33,34,
49,47,11,0,1,19,3,0,21,37,60,74,72,48,55,115,174,108,94,105,
102,109,115,108,127,136,161,139,139,145,129,131,131,131,129,127,139,139,125,131,
131,129,133,121,98,106,116,109,81,66,51,51,31,14,14,9,9,34,37,52,
50,64,62,83,145,133,129,133,148,156,156,156,161,167,183,183,167,161,167,156,
145,141,136,136,148,120,56,60,67,27,7,0,0,5,35,40,7,12,17,36,
38,25,105,255,133,107,121,255,116,101,106,118,139,123,133,145,156,161,145,152,
